7 750 550 750 300 750 500 600 50 750 200 700 500 100 200 0 0 0 0 
8 750 500 50 500 200 50 700 50 50 550 450 50 100 500 750 450 0 0 
4 50 200 400 550 50 500 100 500 0 0 0 0 0 0 0 0 0 0 
3 750 550 500 50 100 400 0 0 0 0 0 0 0 0 0 0 0 0 
9 50 300 750 350 700 100 600 550 700 400 200 50 500 550 50 550 100 300 
4 750 500 400 550 50 150 700 100 0 0 0 0 0 0 0 0 0 0 
3 100 400 500 50 350 550 0 0 0 0 0 0 0 0 0 0 0 0 
5 50 550 100 50 700 200 400 550 50 250 0 0 0 0 0 0 0 0 
7 50 350 300 50 550 50 750 300 650 550 100 200 750 550 0 0 0 0 
7 550 50 750 550 350 50 750 100 750 450 100 500 50 150 0 0 0 0 
1 650 50 0 0 0 0 0 0 0 0 0 0 0 0 0 0 0 0 
1 100 150 0 0 0 0 0 0 0 0 0 0 0 0 0 0 0 0 
2 50 150 100 400 0 0 0 0 0 0 0 0 0 0 0 0 0 0 
5 50 300 150 550 500 550 700 200 200 550 0 0 0 0 0 0 0 0 
1 200 50 0 0 0 0 0 0 0 0 0 0 0 0 0 0 0 0 
9 50 200 750 50 300 50 700 200 750 100 750 300 450 550 100 50 700 50 
5 700 500 150 550 700 250 50 550 300 550 0 0 0 0 0 0 0 0 
8 50 300 600 550 100 400 750 450 700 350 350 550 600 50 750 350 0 0 
5 50 50 250 550 100 550 750 200 700 400 0 0 0 0 0 0 0 0 
7 750 200 150 50 600 550 350 550 600 50 750 500 50 200 0 0 0 0 
1 700 350 0 0 0 0 0 0 0 0 0 0 0 0 0 0 0 0 
9 100 100 700 200 750 450 100 450 450 50 450 550 50 100 100 250 650 50 
7 500 50 50 100 100 300 100 150 100 350 50 550 750 50 0 0 0 0 
1 750 100 0 0 0 0 0 0 0 0 0 0 0 0 0 0 0 0 
4 750 300 50 550 100 150 100 300 0 0 0 0 0 0 0 0 0 0 
2 450 550 50 300 0 0 0 0 0 0 0 0 0 0 0 0 0 0 
4 650 50 150 550 350 50 50 350 0 0 0 0 0 0 0 0 0 0 
2 150 550 400 550 0 0 0 0 0 0 0 0 0 0 0 0 0 0 
9 100 200 50 350 750 550 400 50 50 100 600 550 250 50 500 50 50 50 
8 350 550 350 50 700 200 50 300 100 400 300 550 400 50 100 350 0 0 
1 50 400 0 0 0 0 0 0 0 0 0 0 0 0 0 0 0 0 
4 750 300 750 150 100 100 50 100 0 0 0 0 0 0 0 0 0 0 
1 200 550 0 0 0 0 0 0 0 0 0 0 0 0 0 0 0 0 
4 600 550 50 50 750 400 550 550 0 0 0 0 0 0 0 0 0 0 
4 700 550 700 250 100 500 700 50 0 0 0 0 0 0 0 0 0 0 
9 50 300 400 550 50 100 750 150 150 50 150 550 700 200 750 500 750 250 
1 550 50 0 0 0 0 0 0 0 0 0 0 0 0 0 0 0 0 
6 100 500 200 550 700 250 50 450 150 50 100 100 0 0 0 0 0 0 
1 750 300 0 0 0 0 0 0 0 0 0 0 0 0 0 0 0 0 
8 100 50 50 50 550 550 500 50 750 550 700 150 250 550 100 300 0 0 
9 700 200 100 350 150 550 700 150 250 50 550 50 100 450 50 500 100 250 
3 700 150 650 550 700 450 0 0 0 0 0 0 0 0 0 0 0 0 
7 700 150 50 250 550 550 50 200 700 200 100 250 350 550 0 0 0 0 
7 700 50 250 550 100 100 700 550 700 300 300 50 700 200 0 0 0 0 
3 450 550 100 100 100 350 0 0 0 0 0 0 0 0 0 0 0 0 
8 50 550 100 150 750 550 50 350 200 550 50 500 150 50 350 50 0 0 
9 100 550 700 450 750 450 600 550 750 250 650 550 750 550 700 400 100 450 
8 500 50 700 500 750 450 750 200 50 200 50 50 700 550 100 300 0 0 
8 100 200 50 250 500 50 750 400 450 550 600 50 50 550 50 350 0 0 
5 50 500 700 500 100 500 700 400 100 200 0 0 0 0 0 0 0 0 
6 100 400 750 500 100 150 50 100 450 50 100 250 0 0 0 0 0 0 
6 50 50 750 100 750 50 50 500 200 50 100 350 0 0 0 0 0 0 
2 700 400 150 50 0 0 0 0 0 0 0 0 0 0 0 0 0 0 
6 150 550 500 550 50 450 100 250 750 300 450 550 0 0 0 0 0 0 
5 450 50 100 350 100 200 200 50 50 350 0 0 0 0 0 0 0 0 
8 350 50 100 350 250 50 50 250 100 150 550 550 100 500 150 50 0 0 
9 700 350 250 50 750 150 100 550 50 450 750 550 700 100 50 500 50 150 
4 700 50 300 550 50 350 600 50 0 0 0 0 0 0 0 0 0 0 
4 500 50 50 300 450 550 50 150 0 0 0 0 0 0 0 0 0 0 
5 750 250 50 200 500 550 50 450 50 550 0 0 0 0 0 0 0 0 
4 700 150 750 100 750 550 50 550 0 0 0 0 0 0 0 0 0 0 
9 300 50 750 150 100 100 200 550 250 550 750 350 400 50 700 300 750 100 
7 50 200 350 550 750 50 600 550 300 50 700 250 200 550 0 0 0 0 
9 700 150 650 550 450 50 200 50 100 500 50 50 50 550 750 200 150 550 
7 750 450 500 550 450 550 100 400 700 350 300 50 750 500 0 0 0 0 
8 50 350 650 50 100 350 450 50 300 550 700 200 700 450 400 50 0 0 
5 50 300 700 200 100 100 700 300 250 50 0 0 0 0 0 0 0 0 
5 100 50 100 550 750 400 700 450 50 550 0 0 0 0 0 0 0 0 
8 300 50 100 400 50 550 50 150 750 150 700 350 700 300 750 250 0 0 
2 300 550 50 100 0 0 0 0 0 0 0 0 0 0 0 0 0 0 
8 750 400 750 100 50 450 50 50 50 400 500 550 50 200 550 550 0 0 
2 700 500 50 200 0 0 0 0 0 0 0 0 0 0 0 0 0 0 
3 200 50 100 100 750 550 0 0 0 0 0 0 0 0 0 0 0 0 
7 100 200 300 550 100 100 700 200 50 550 700 350 50 400 0 0 0 0 
1 350 50 0 0 0 0 0 0 0 0 0 0 0 0 0 0 0 0 
4 350 550 100 400 250 550 250 50 0 0 0 0 0 0 0 0 0 0 
9 50 50 750 450 650 550 750 200 50 400 700 500 50 250 100 300 700 400 
7 350 550 50 100 600 50 100 400 150 550 50 450 300 50 0 0 0 0 
4 750 450 100 400 100 550 50 100 0 0 0 0 0 0 0 0 0 0 
3 250 50 700 100 300 50 0 0 0 0 0 0 0 0 0 0 0 0 
1 100 100 0 0 0 0 0 0 0 0 0 0 0 0 0 0 0 0 
7 100 350 700 200 50 350 750 450 700 300 750 300 500 550 0 0 0 0 
4 50 200 150 50 100 150 100 550 0 0 0 0 0 0 0 0 0 0 
6 550 50 300 50 150 50 700 400 350 50 200 550 0 0 0 0 0 0 
2 250 550 400 50 0 0 0 0 0 0 0 0 0 0 0 0 0 0 
3 500 550 700 150 50 100 0 0 0 0 0 0 0 0 0 0 0 0 
6 750 200 250 550 150 550 400 50 350 50 700 200 0 0 0 0 0 0 
2 700 500 700 50 0 0 0 0 0 0 0 0 0 0 0 0 0 0 
5 700 100 700 500 50 300 750 200 250 50 0 0 0 0 0 0 0 0 
9 50 550 350 550 250 50 50 200 450 50 650 550 350 50 700 450 600 50 
8 300 550 100 150 750 350 750 300 50 150 250 50 400 50 100 200 0 0 
2 100 50 750 250 0 0 0 0 0 0 0 0 0 0 0 0 0 0 
5 550 550 600 550 750 200 250 550 100 250 0 0 0 0 0 0 0 0 
9 100 50 50 150 700 250 750 50 750 100 50 500 100 300 350 550 50 550 
7 100 350 150 50 100 500 750 400 700 450 750 150 100 550 0 0 0 0 
4 550 550 500 50 100 100 750 250 0 0 0 0 0 0 0 0 0 0 
4 300 50 100 300 750 200 500 50 0 0 0 0 0 0 0 0 0 0 
6 400 50 650 50 700 300 600 50 100 350 600 550 0 0 0 0 0 0 
7 150 550 450 550 650 50 50 400 700 300 700 400 100 350 0 0 0 0 
3 200 50 500 50 600 50 0 0 0 0 0 0 0 0 0 0 0 0