4 250 500 600 200 400 500 650 200 0 0 0 0 0 0 0 0 0 0 
9 650 400 500 100 150 500 600 100 650 450 650 100 650 300 300 100 600 350 
7 200 350 150 100 150 150 650 200 350 100 200 500 650 100 0 0 0 0 
2 650 350 550 500 0 0 0 0 0 0 0 0 0 0 0 0 0 0 
8 200 300 500 100 350 500 200 100 200 450 450 500 600 250 200 400 0 0 
7 600 400 150 450 600 500 200 100 400 100 200 350 650 250 0 0 0 0 
6 650 250 300 500 150 200 200 500 150 450 650 200 0 0 0 0 0 0 
7 650 150 650 450 150 200 600 450 600 350 200 300 450 500 0 0 0 0 
7 600 300 650 200 600 350 200 350 200 300 600 150 450 500 0 0 0 0 
9 250 500 600 150 150 500 550 100 600 500 550 500 150 300 450 500 600 250 
8 650 350 150 500 300 100 600 200 200 350 500 100 300 500 200 400 0 0 
7 350 100 550 100 600 450 250 100 650 350 600 400 300 500 0 0 0 0 
9 150 500 600 250 200 350 450 500 600 200 200 250 150 300 650 250 400 100 
9 600 250 200 500 200 200 150 200 150 400 250 100 150 300 600 200 650 350 
6 200 250 600 250 650 350 150 500 150 400 200 400 0 0 0 0 0 0 
9 200 300 350 500 650 100 450 100 500 500 200 500 300 500 600 250 550 100 
7 600 500 450 100 150 250 550 100 200 150 150 100 650 250 0 0 0 0 
7 600 300 350 500 150 500 200 400 650 100 150 150 600 450 0 0 0 0 
3 650 450 150 450 150 150 0 0 0 0 0 0 0 0 0 0 0 0 
4 300 500 500 100 400 100 600 400 0 0 0 0 0 0 0 0 0 0 
5 250 500 650 150 200 400 150 250 650 300 0 0 0 0 0 0 0 0 
8 450 100 500 100 400 500 600 500 150 250 650 200 650 150 650 500 0 0 
2 650 200 600 500 0 0 0 0 0 0 0 0 0 0 0 0 0 0 
1 600 350 0 0 0 0 0 0 0 0 0 0 0 0 0 0 0 0 
4 650 500 400 500 150 500 150 250 0 0 0 0 0 0 0 0 0 0 
2 200 450 400 100 0 0 0 0 0 0 0 0 0 0 0 0 0 0 
4 350 100 150 250 600 350 400 100 0 0 0 0 0 0 0 0 0 0 
5 200 400 400 500 150 200 450 500 250 100 0 0 0 0 0 0 0 0 
4 200 500 650 300 400 500 200 300 0 0 0 0 0 0 0 0 0 0 
6 200 350 200 500 200 150 600 300 650 300 650 350 0 0 0 0 0 0 
7 250 500 400 500 600 450 600 200 450 100 150 300 650 300 0 0 0 0 
2 200 250 600 150 0 0 0 0 0 0 0 0 0 0 0 0 0 0 
7 150 250 650 250 650 350 350 500 200 200 650 500 600 250 0 0 0 0 
8 400 500 150 300 150 100 150 150 600 450 200 100 650 450 650 100 0 0 
3 650 500 300 100 300 500 0 0 0 0 0 0 0 0 0 0 0 0 
5 150 450 200 450 200 150 150 200 250 500 0 0 0 0 0 0 0 0 
4 600 150 650 500 650 100 400 500 0 0 0 0 0 0 0 0 0 0 
9 650 250 400 100 150 150 650 350 600 500 650 400 650 500 200 400 150 100 
1 150 500 0 0 0 0 0 0 0 0 0 0 0 0 0 0 0 0 
3 150 150 150 500 650 450 0 0 0 0 0 0 0 0 0 0 0 0 
4 600 400 200 200 200 150 200 450 0 0 0 0 0 0 0 0 0 0 
4 150 100 450 100 200 300 600 200 0 0 0 0 0 0 0 0 0 0 
1 150 450 0 0 0 0 0 0 0 0 0 0 0 0 0 0 0 0 
6 600 450 150 350 500 500 600 100 200 100 600 350 0 0 0 0 0 0 
5 650 150 250 100 150 300 650 250 650 400 0 0 0 0 0 0 0 0 
2 300 500 500 500 0 0 0 0 0 0 0 0 0 0 0 0 0 0 
3 200 450 350 500 600 150 0 0 0 0 0 0 0 0 0 0 0 0 
6 150 500 500 100 200 250 650 500 600 250 200 200 0 0 0 0 0 0 
3 650 150 150 450 150 100 0 0 0 0 0 0 0 0 0 0 0 0 
3 650 450 650 500 650 150 0 0 0 0 0 0 0 0 0 0 0 0 
3 200 450 150 300 450 500 0 0 0 0 0 0 0 0 0 0 0 0 
1 250 500 0 0 0 0 0 0 0 0 0 0 0 0 0 0 0 0 
5 150 200 600 250 350 100 150 300 600 500 0 0 0 0 0 0 0 0 
9 650 500 650 350 150 100 400 100 350 100 650 400 200 100 200 400 200 250 
5 600 450 150 100 650 200 650 400 150 400 0 0 0 0 0 0 0 0 
1 250 100 0 0 0 0 0 0 0 0 0 0 0 0 0 0 0 0 
8 300 500 650 250 600 200 600 350 300 100 600 450 150 200 650 100 0 0 
8 350 500 200 250 300 500 600 100 300 100 600 200 150 300 500 500 0 0 
4 150 400 200 250 600 400 400 500 0 0 0 0 0 0 0 0 0 0 
8 600 150 650 400 600 200 650 350 600 300 250 500 550 100 500 500 0 0 
3 600 250 200 350 150 300 0 0 0 0 0 0 0 0 0 0 0 0 
5 200 400 150 150 200 500 650 300 600 400 0 0 0 0 0 0 0 0 
3 200 300 650 350 650 100 0 0 0 0 0 0 0 0 0 0 0 0 
6 650 350 200 450 650 250 200 400 150 200 150 300 0 0 0 0 0 0 
1 200 100 0 0 0 0 0 0 0 0 0 0 0 0 0 0 0 0 
5 600 250 600 350 650 350 500 100 650 500 0 0 0 0 0 0 0 0 
6 650 450 200 250 600 350 650 100 300 500 600 200 0 0 0 0 0 0 
9 600 200 600 150 300 500 350 500 600 250 200 450 200 400 600 300 200 250 
5 650 450 300 500 150 350 400 500 200 500 0 0 0 0 0 0 0 0 
2 150 150 150 350 0 0 0 0 0 0 0 0 0 0 0 0 0 0 
9 500 100 300 500 200 300 200 200 150 350 150 400 550 100 400 100 150 300 
7 650 150 200 500 650 500 650 200 600 300 150 150 600 250 0 0 0 0 
4 500 100 300 100 200 350 650 500 0 0 0 0 0 0 0 0 0 0 
4 600 150 600 250 150 400 550 500 0 0 0 0 0 0 0 0 0 0 
7 650 250 600 400 300 100 650 100 550 100 150 150 600 150 0 0 0 0 
1 600 500 0 0 0 0 0 0 0 0 0 0 0 0 0 0 0 0 
5 200 250 650 450 150 350 200 400 150 100 0 0 0 0 0 0 0 0 
6 550 500 150 500 650 350 650 450 650 100 200 450 0 0 0 0 0 0 
2 500 100 400 500 0 0 0 0 0 0 0 0 0 0 0 0 0 0 
1 200 500 0 0 0 0 0 0 0 0 0 0 0 0 0 0 0 0 
1 600 350 0 0 0 0 0 0 0 0 0 0 0 0 0 0 0 0 
9 500 500 650 150 150 500 200 250 550 500 350 100 150 400 650 400 650 500 
2 200 200 500 500 0 0 0 0 0 0 0 0 0 0 0 0 0 0 
5 650 150 150 300 200 350 150 450 650 400 0 0 0 0 0 0 0 0 
1 650 400 0 0 0 0 0 0 0 0 0 0 0 0 0 0 0 0 
8 150 450 650 250 150 100 150 200 650 400 650 300 600 350 200 500 0 0 
1 450 100 0 0 0 0 0 0 0 0 0 0 0 0 0 0 0 0 
8 150 100 400 100 550 500 600 500 600 450 650 200 650 350 150 300 0 0 
4 150 450 650 400 200 450 650 150 0 0 0 0 0 0 0 0 0 0 
2 650 150 450 100 0 0 0 0 0 0 0 0 0 0 0 0 0 0 
4 650 500 200 400 200 150 150 350 0 0 0 0 0 0 0 0 0 0 
4 650 150 600 100 250 500 600 500 0 0 0 0 0 0 0 0 0 0 
7 200 350 600 400 150 150 650 450 150 250 600 250 350 100 0 0 0 0 
5 600 500 600 450 200 500 550 100 150 450 0 0 0 0 0 0 0 0 
7 200 450 500 500 650 350 600 200 600 100 150 200 450 100 0 0 0 0 
5 550 100 600 350 650 250 650 150 600 500 0 0 0 0 0 0 0 0 
2 600 250 200 450 0 0 0 0 0 0 0 0 0 0 0 0 0 0 
6 350 500 150 350 450 100 400 500 650 300 600 400 0 0 0 0 0 0 
7 550 500 200 450 500 500 150 250 600 250 650 350 250 100 0 0 0 0 
1 150 200 0 0 0 0 0 0 0 0 0 0 0 0 0 0 0 0