8 350 450 500 250 400 150 500 150 250 400 300 400 300 250 450 450 0 0 
5 350 400 300 150 450 200 500 300 500 200 0 0 0 0 0 0 0 0 
3 500 200 500 250 550 250 0 0 0 0 0 0 0 0 0 0 0 0 
5 350 400 550 250 300 350 250 400 550 350 0 0 0 0 0 0 0 0 
2 550 300 250 300 0 0 0 0 0 0 0 0 0 0 0 0 0 0 
5 550 400 550 250 300 300 400 150 350 450 0 0 0 0 0 0 0 0 
6 500 250 250 350 300 200 500 450 450 450 250 450 0 0 0 0 0 0 
7 550 400 250 350 300 300 400 400 250 200 500 250 300 450 0 0 0 0 
2 550 350 500 450 0 0 0 0 0 0 0 0 0 0 0 0 0 0 
8 250 450 550 200 350 400 400 200 550 400 450 200 500 400 450 450 0 0 
4 300 150 250 400 250 350 250 250 0 0 0 0 0 0 0 0 0 0 
3 500 150 400 450 400 400 0 0 0 0 0 0 0 0 0 0 0 0 
6 300 450 550 350 550 150 250 150 450 450 400 400 0 0 0 0 0 0 
9 350 400 550 350 500 150 500 400 450 450 250 200 300 150 350 200 550 150 
6 300 350 250 300 550 450 500 250 550 400 300 150 0 0 0 0 0 0 
9 450 200 550 350 350 200 500 350 450 400 300 400 300 300 350 400 450 450 
2 500 450 250 250 0 0 0 0 0 0 0 0 0 0 0 0 0 0 
6 500 250 300 350 250 250 450 200 250 150 250 300 0 0 0 0 0 0 
7 450 450 250 300 300 200 550 350 350 150 400 150 300 250 0 0 0 0 
3 250 200 550 400 550 250 0 0 0 0 0 0 0 0 0 0 0 0 
1 450 400 0 0 0 0 0 0 0 0 0 0 0 0 0 0 0 0 
3 250 450 400 400 300 300 0 0 0 0 0 0 0 0 0 0 0 0 
2 350 450 500 350 0 0 0 0 0 0 0 0 0 0 0 0 0 0 
6 250 350 500 300 550 400 500 250 300 350 500 200 0 0 0 0 0 0 
7 350 450 450 400 250 450 500 150 450 450 500 450 250 250 0 0 0 0 
1 350 200 0 0 0 0 0 0 0 0 0 0 0 0 0 0 0 0 
9 550 200 300 300 500 450 400 400 550 400 550 250 550 350 400 450 300 250 
2 500 150 300 400 0 0 0 0 0 0 0 0 0 0 0 0 0 0 
6 550 300 300 250 300 450 500 450 500 150 350 450 0 0 0 0 0 0 
4 550 150 450 150 400 200 500 400 0 0 0 0 0 0 0 0 0 0 
5 400 150 350 450 500 400 550 200 300 300 0 0 0 0 0 0 0 0 
8 250 400 250 200 400 450 450 450 450 150 400 400 400 200 500 200 0 0 
6 300 350 550 250 550 400 350 150 550 450 400 450 0 0 0 0 0 0 
5 250 450 350 200 400 150 400 200 250 400 0 0 0 0 0 0 0 0 
8 550 250 250 350 550 200 250 400 300 150 350 400 500 200 400 200 0 0 
1 400 450 0 0 0 0 0 0 0 0 0 0 0 0 0 0 0 0 
1 450 150 0 0 0 0 0 0 0 0 0 0 0 0 0 0 0 0 
6 300 400 550 200 500 450 250 400 450 200 500 200 0 0 0 0 0 0 
4 450 400 550 300 350 200 450 150 0 0 0 0 0 0 0 0 0 0 
4 500 300 250 250 300 300 250 450 0 0 0 0 0 0 0 0 0 0 
5 350 450 300 450 250 250 450 200 550 250 0 0 0 0 0 0 0 0 
4 350 200 300 200 550 200 300 250 0 0 0 0 0 0 0 0 0 0 
4 450 150 500 300 550 350 400 400 0 0 0 0 0 0 0 0 0 0 
4 300 150 400 200 500 250 400 150 0 0 0 0 0 0 0 0 0 0 
6 550 350 550 250 250 350 350 450 400 200 300 350 0 0 0 0 0 0 
5 300 300 500 150 350 400 500 350 550 300 0 0 0 0 0 0 0 0 
9 350 450 500 150 300 300 450 450 350 400 250 200 300 400 300 200 450 150 
5 250 400 350 450 350 200 300 150 450 150 0 0 0 0 0 0 0 0 
6 500 150 300 450 450 150 450 400 250 400 350 400 0 0 0 0 0 0 
1 500 400 0 0 0 0 0 0 0 0 0 0 0 0 0 0 0 0 
8 350 400 300 250 550 150 300 300 550 250 250 400 550 350 250 150 0 0 
9 250 200 450 400 550 350 350 150 500 350 550 400 400 400 350 400 250 150 
3 300 400 550 350 350 200 0 0 0 0 0 0 0 0 0 0 0 0 
1 350 200 0 0 0 0 0 0 0 0 0 0 0 0 0 0 0 0 
3 500 350 250 150 550 150 0 0 0 0 0 0 0 0 0 0 0 0 
6 350 400 250 300 250 450 400 450 300 150 350 150 0 0 0 0 0 0 
7 500 250 300 450 550 150 550 350 400 200 550 400 350 200 0 0 0 0 
9 350 450 450 400 400 450 550 200 300 250 400 200 550 450 250 250 300 200 
2 500 250 450 400 0 0 0 0 0 0 0 0 0 0 0 0 0 0 
1 450 150 0 0 0 0 0 0 0 0 0 0 0 0 0 0 0 0 
2 250 300 350 150 0 0 0 0 0 0 0 0 0 0 0 0 0 0 
4 500 250 550 250 550 350 300 450 0 0 0 0 0 0 0 0 0 0 
8 250 250 400 200 450 150 350 150 500 450 300 400 350 450 250 150 0 0 
9 450 450 500 250 500 200 400 200 550 400 500 300 250 200 300 250 500 350 
5 500 450 450 400 350 450 500 250 500 300 0 0 0 0 0 0 0 0 
8 300 200 300 400 500 350 400 200 250 450 450 450 550 250 400 150 0 0 
9 300 300 300 450 400 200 250 350 500 300 400 450 300 350 350 400 450 150 
8 250 450 350 200 300 400 550 150 250 250 300 150 550 350 400 450 0 0 
7 250 400 400 150 450 450 550 450 550 200 450 400 400 450 0 0 0 0 
6 450 400 550 450 550 150 500 450 350 150 400 450 0 0 0 0 0 0 
1 400 200 0 0 0 0 0 0 0 0 0 0 0 0 0 0 0 0 
9 550 250 500 450 450 200 350 450 450 450 250 300 300 250 500 150 300 150 
6 450 400 350 450 250 250 500 200 350 400 300 450 0 0 0 0 0 0 
3 350 400 300 250 300 400 0 0 0 0 0 0 0 0 0 0 0 0 
8 550 350 250 200 250 450 350 400 250 400 300 450 550 450 500 350 0 0 
5 300 200 250 250 500 150 450 400 350 400 0 0 0 0 0 0 0 0 
4 400 150 300 450 500 350 450 450 0 0 0 0 0 0 0 0 0 0 
1 550 300 0 0 0 0 0 0 0 0 0 0 0 0 0 0 0 0 
2 450 150 300 250 0 0 0 0 0 0 0 0 0 0 0 0 0 0 
7 550 400 500 250 250 250 550 450 300 400 550 350 400 450 0 0 0 0 
8 500 250 300 250 550 300 350 150 400 400 500 300 300 150 550 150 0 0 
5 500 300 350 150 550 150 450 200 300 250 0 0 0 0 0 0 0 0 
2 500 400 450 150 0 0 0 0 0 0 0 0 0 0 0 0 0 0 
3 500 350 450 150 500 300 0 0 0 0 0 0 0 0 0 0 0 0 
7 250 200 250 350 500 200 400 150 550 350 500 450 500 400 0 0 0 0 
7 400 450 350 150 250 200 250 450 300 450 550 150 250 350 0 0 0 0 
7 350 200 450 200 400 150 500 450 550 350 250 300 500 200 0 0 0 0 
1 250 450 0 0 0 0 0 0 0 0 0 0 0 0 0 0 0 0 
3 400 150 300 250 250 350 0 0 0 0 0 0 0 0 0 0 0 0 
1 400 200 0 0 0 0 0 0 0 0 0 0 0 0 0 0 0 0 
2 400 400 550 400 0 0 0 0 0 0 0 0 0 0 0 0 0 0 
3 250 350 300 350 500 250 0 0 0 0 0 0 0 0 0 0 0 0 
4 550 300 350 150 500 400 500 200 0 0 0 0 0 0 0 0 0 0 
6 550 450 250 450 450 400 350 200 300 200 250 200 0 0 0 0 0 0 
3 250 250 350 150 500 300 0 0 0 0 0 0 0 0 0 0 0 0 
7 300 350 250 400 500 300 550 300 550 400 250 250 400 200 0 0 0 0 
1 400 400 0 0 0 0 0 0 0 0 0 0 0 0 0 0 0 0 
5 550 400 400 150 550 250 350 450 500 450 0 0 0 0 0 0 0 0 
4 300 350 250 450 550 150 350 450 0 0 0 0 0 0 0 0 0 0 
5 450 400 500 450 550 150 250 250 250 400 0 0 0 0 0 0 0 0